L	0.1375	3.3218	1477010443350000	-0.0165	3.0494	-0.0941	0.9956
R	3.4807	1.6100	1.4599	1477010443750000	-0.0821	3.4438	-0.2181	0.9759
L	-0.1512	3.6688	1477010444150000	-0.1966	3.8267	-0.3387	0.9409
R	3.8190	1.6453	1.1009	1477010444550000	-0.3583	4.1923	-0.4540	0.8910
L	-0.6276	4.3430	1477010444950000	-0.5645	4.5348	-0.5621	0.8271
R	5.0717	1.7290	0.9857	1477010445350000	-0.8119	4.8487	-0.6613	0.7501
L	-1.2510	5.1349	1477010445750000	-1.0968	5.1292	-0.7501	0.6613
R	5.9371	1.8228	0.2379	1477010446150000	-1.4146	5.3717	-0.8271	0.5621
L	-1.5938	5.8955	1477010446550000	-1.7602	5.5725	-0.8910	0.4540
R	6.4753	1.9383	0.3961	1477010446950000	-2.1283	5.7283	-0.9409	0.3387
L	-2.5158	5.8432	1477010447350000	-2.5131	5.8368	-0.9759	0.2181
R	6.5160	2.0800	0.3407	1477010447750000	-2.9084	5.8963	-0.9956	0.0941
L	-3.4203	6.0225	1477010448150000	-3.3080	5.9057	-0.9995	-0.0314
R	7.3350	2.1217	0.7661	1477010448550000	-3.7057	5.8649	-0.9877	-0.1564
L	-3.9507	5.6854	1477010448950000	-4.0951	5.7747	-0.9603	-0.2790
R	7.1544	2.2626	-0.1248	1477010449350000	-4.4701	5.6363	-0.9178	-0.3971
L	-4.5584	5.5229	1477010449750000	-4.8248	5.4521	-0.8607	-0.5090
R	7.2959	2.3284	0.1101	1477010450150000	-5.1537	5.2248	-0.7902	-0.6129
L	-5.4799	5.0149	1477010450550000	-5.4515	4.9581	-0.7071	-0.7071
R	6.9718	2.4662	-0.3055	1477010450950000	-5.7134	4.6562	-0.6129	-0.7901
L	-5.9914	4.1726	1477010451350000	-5.9355	4.3238	-0.5091	-0.8607
R	7.2431	2.5450	0.1927	1477010451750000	-6.1142	3.9662	-0.3972	-0.9177
L	-6.1686	3.7639	1477010452150000	-6.2467	3.5890	-0.2790	-0.9603
R	7.5205	2.7358	-0.2463	1477010452550000	-6.3308	3.1983	-0.1564	-0.9877
L	-6.4152	3.2171	1477010452950000	-6.3653	2.8000	-0.0314	-0.9995
R	6.4540	2.8145	-0.4314	1477010453350000	-6.3496	2.4006	0.0941	-0.9956
L	-6.1024	1.9385	1477010453750000	-6.2840	2.0063	0.2181	-0.9759
R	7.0111	2.8780	-0.7055	1477010454150000	-6.1694	1.6233	0.3387	-0.9409
L	-6.0748	1.4773	1477010454550000	-6.0078	1.2577	0.4540	-0.8910
R	6.2224	2.9559	-0.8899	1477010454950000	-5.8016	0.9152	0.5621	-0.8271
L	-5.7415	0.7453	1477010455350000	-5.5541	0.6013	0.6613	-0.7501
R	5.4018	3.1199	-0.8979	1477010455750000	-5.2693	0.3208	0.7501	-0.6613
L	-4.9670	-0.1526	1477010456150000	-4.9515	0.0783	0.8271	-0.5621
R	4.6266	-3.1178	-1.3148	1477010456550000	-4.6058	-0.1224	0.8910	-0.4540
L	-4.2617	-0.4339	1477010456950000	-4.2377	-0.2783	0.9409	-0.3388
R	3.5722	-3.0031	-0.8421	1477010457350000	-3.8530	-0.3868	0.9759	-0.2182
L	-3.3192	-0.5849	1477010457750000	-3.4577	-0.4463	0.9956	-0.0941
R	3.5545	-2.9809	-0.7327	1477010458150000	-3.0581	-0.4557	0.9995	0.0314
L	-2.8961	-0.3115	1477010458550000	-2.6604	-0.4149	0.9877	0.1564
R	2.3929	-3.0203	-1.1451	1477010458950000	-2.2710	-0.3247	0.9603	0.2790
L	-1.8167	-0.3496	1477010459350000	-1.8960	-0.1863	0.9178	0.3971
R	1.3205	-3.1330	-0.8704	1477010459750000	-1.5412	-0.0020	0.8608	0.5090
L	-1.3585	0.0588	1477010460150000	-1.2124	0.2252	0.7902	0.6129
R	1.2979	2.5856	-0.4551	1477010460550000	-0.9146	0.4919	0.7071	0.7071
L	-0.7688	0.6120	1477010460950000	-0.6526	0.7938	0.6129	0.7901
R	1.4092	1.9395	1.3641	1477010461350000	-0.4305	1.1262	0.5091	0.8607
L	-0.1907	1.8307	1477010461750000	-0.2519	1.4838	0.3972	0.9177
R	1.4436	1.6244	1.5747	1477010462150000	-0.1194	1.8610	0.2790	0.9603
L	0.1817	2.3247	1477010462550000	-0.0353	2.2518	0.1565	0.9877
R	2.5760	1.5497	0.9871	1477010462950000	-0.0008	2.6500	0.0314	0.9995
L	-0.0918	3.1917	1477010463350000	0.0071	3.0498	0.0628	0.9980
R	3.8768	1.5442	0.9042	1477010463750000	0.0603	3.4460	0.1874	0.9823
L	-0.2210	3.6900	1477010464150000	0.1627	3.8324	0.3090	0.9510
R	4.5668	1.5220	0.7572	1477010464550000	0.3128	4.2029	0.4258	0.9048
L	0.7038	4.4362	1477010464950000	0.5081	4.5517	0.5359	0.8443
R	5.1621	1.4266	1.1524	1477010465350000	0.7456	4.8732	0.6374	0.7705
L	0.9772	5.1272	1477010465750000	1.0215	5.1624	0.7290	0.6845
R	5.7975	1.3598	0.1897	1477010466150000	1.3315	5.4148	0.8090	0.5878
L	1.9577	5.5273	1477010466550000	1.6707	5.6263	0.8763	0.4817
R	6.2638	1.2333	1.0492	1477010466950000	2.0337	5.7937	0.9298	0.3681
L	2.4953	5.8798	1477010467350000	2.4149	5.9142	0.9686	0.2487
R	6.5849	1.1388	0.3044	1477010467750000	2.8081	5.9861	0.9921	0.1253
L	3.2005	6.1783	1477010468150000	3.2072	6.0080	1.0000	0.0000
R	6.8149	0.9634	0.4151	1477010468550000	3.6060	5.9798	0.9921	-0.1254
L	3.8157	5.9428	1477010468950000	3.9981	5.9018	0.9686	-0.2487
R	6.8661	0.9143	0.0851	1477010469350000	4.3772	5.7753	0.9298	-0.3681
L	4.7303	5.6993	1477010469750000	4.7376	5.6023	0.8763	-0.4818
R	7.2503	0.7600	0.3874	1477010470150000	5.0734	5.3854	0.8090	-0.5878
L	5.4724	5.2463	1477010470550000	5.3794	5.1282	0.7290	-0.6846
R	7.5282	0.6598	-0.1682	1477010470950000	5.6508	4.8347	0.6374	-0.7705
L	5.8226	4.4987	1477010471350000	5.8832	4.5094	0.5358	-0.8443
R	7.4391	0.5938	-0.0378	1477010471750000	6.0730	4.1576	0.4258	-0.9048
L	6.3847	3.6444	1477010472150000	6.2172	3.7848	0.3090	-0.9511
